1.8244674712446711
1.776822300890824
1.7100706527324736
1.8181163129016964
1.7289810698981254
1.7160816983380074
1.641867876119754
1.6787368845893078
1.7018714598403335
1.6456830141764545
1.6025991822869587
1.4955564363590281
1.5776018037969697
1.5239507570355582
1.480213749277874
1.476243100472699
1.4156406168239397
1.4958272687261462
1.369106736571372
1.3520424165782654
1.265899869326133
1.2886065533168898
1.3849999386067413
1.2568493739212634
1.2976820759954037
1.1699626364286781
1.174926935519447
1.1703897519090494
1.0121133015622399
0.9538122540419287
1.0990795470232253
1.1040501548243191
1.0860203557385544
0.9564076069662593
0.9138193541917227
0.9860453812690878
0.025853541040822253
-0.01980991435370428
-0.0067339144841895284
0.0021618199164074588
0.0008976778501208109
-0.013871836151334518
0.06710087512161472
0.07762526624575944
0.05786142111499741
-0.04611449884106918
0.05892534106225492
-0.02409579681481691
-0.038667694242661685
-0.0030146787055523863
0.0054835975372365805
-0.02635626203553627
-0.018346745730450326
0.07205328596136107
-0.030930319517261846
-0.11775025521466999
-0.06584892539405936
-0.018350109697537215
-0.1161275741681725
0.02238237222125948
-0.02679885814327664
-0.015892585031894117
0.06619016984045291
-0.0077047677515298795
0.12042359873780223
0.03326965285620065
0.09609644918491404
0.09867406810738173
0.05118569758991543
0.14335877808009553
-0.0927684311009434
0.2135587545128791
0.1671687410604063
-0.10194064288222467
0.0068169443779586645
0.1674267427197946
0.047881359475195354
0.14328122002387844
0.15634625533827967
0.18194450767759868
0.14446793167313146
-0.033323243546605125
0.14745875245683845
0.1429995672378857
0.10156127566492809
0.3464140342745769
0.4238230917037149
0.25382080113271654
0.10553013355621968
0.16041831478525426
0.46237600158274805
0.5320385808665912
0.0708415808878101
0.5077533655232858
0.4863951259891989
0.42352441445361577
0.5593588447694173
0.36884202804963806
0.6956878170722741
0.5771248064720591
0.6827904994081383
0.8204248538995887
0.8901775552344187
0.7470487212579301
0.7359082454165323
1.062757829175769
0.9037782215261029
1.2630069478760777
-0.05982844722973138
-0.050191720807845154
0.03813581078890608
-0.01468025235140603
-0.03188485161480716
0.05418698084073766
0.03086341885720303
-0.05954109751700835
0.05081361962761412
-0.046616085607362794
0.058858122605487236
0.0025958655714145118
-0.042596374643129827
-0.023211986297299866
-0.05452807500062794
-0.027997464598375106
-0.04466616212875199
0.014385933301989754
-0.005246191512513602
0.046665138375296414
-0.04283744402602495
0.0691355189415189
-0.02942581443273652
-0.046401675577727855
-0.010432686671496116
-0.0007904335144533982
-0.034786213636252235
-0.14495945832429954
0.01318942058405939
-0.04255649080619588
0.02432498023463587
-0.039130086043769524
0.05920429105266594
-0.1386561359977022
0.015815865198732633
0.10356156282656773
0.06714557243125474
-0.007161854619821173
-0.0010811806310945138
0.023700507967434413
0.07913034657026394
-0.008963845188640412
0.030219836552327278
0.020724385342978678
-0.006989494283327138
0.029503333341722265
0.008189264219103346
0.015393112476356493
0.05791703851834238
0.03586590398602396
0.06425990725391204
0.08793694183480427
-0.05897138356938918
0.06365265308382342
0.039610752794539524
0.02650740472152134
0.01623827646060007
0.03255361219757928
-0.018673232846211932
0.0006375633074084573
0.05664426169031192
-0.014859869179840942
-0.0030467107198000145
0.06592128596515284
0.06637194987855928
-0.06200332379622915
0.019823303919382414
0.0016541156205972301
-0.13867193455420343
-0.057966732334373765
0.09413717526545885
-0.06276254357611745
0.0345364263307536
-0.05740747020162973
-0.03261183348772596
-0.06970397939255914
-0.10593749807870839
-0.034012890391933226
-0.027918403532013285
0.03836074439299658
-0.05710820538723747
0.02253810881617923
-0.07565595576243217
0.020005048891333567
0.02635592042780013
-0.0160208541310135
0.005380535252304523
-0.12534326153929534
-0.0007830425216594263
-0.06489526646265187
-0.02588293599762588
-0.07821618430594596
0.0842339148020115
-0.08040233411521121
0.06741650005218426
-0.07132682568091006
-0.08594719159534764
0.04364657814531972
-0.05235828247922947
-0.011317366233719662
0.01860627319443085
0.03495070347009093
-0.032662865152432226
0.07370805626865094
-0.05677069790329083
0.022770235724424454
-0.06812188709797388
0.06657866383675055
-0.0019016356177893109
-0.06166654610175979
-0.0034470559752015325
-0.03723041665555698
-0.00988518361399561
-0.013264760901917664
-0.0038327848716637526
-0.018098983744089067
-0.011740861106610628
0.0020380352033099367
0.06582030257312613
-0.006231600532256955
0.012266492666344834
0.0015289600268587186
0.019759273038957127
0.034707014611162205
-0.007107279569023947
-0.002810915636035356
0.032783420714215056
-0.008670678181792756
-0.034073253727808825
0.059490715229838675
-0.02828241615215705
-0.04936484338094455
-0.02342458264882827
0.02088783402681362
-0.08001082947332304
0.039916011446827
-0.04683356197092967
0.015339861877494124
-0.0006603931063043548
0.07421791060145536
0.11704007496720402
0.020657704395207567
0.12790448210364275
-0.09836737063529996
0.09729600240604028
-0.013891224833959517
-0.030805632905149583
0.049538790802089096
-0.0542628265427203
0.0336991861085259
-0.026766596193703338
0.033076484362406774
0.038591217386055705
0.034410618876604696
0.03809499239224491
0.04959537416396696
-0.0027935195385075987
0.018096841426602013
-0.019489935762188233
0.0026075775821041633
-0.014868770390765201
9.156642821147344e-05
0.06456673261450194
-0.033948655403259156
-0.04500634707768445
-0.02863285844739768
-0.030818610036160626
-0.027722108697674105
-0.026939213128954056
-0.000999084796655702
0.014523510832536824
-0.04648435723157845
-0.028839108033480818
-0.020784261170319604
0.041885813633129744
0.057409397880840804
-0.07451507595937873
-0.031770275053541235
-0.0861363501882445
-0.03782180169524936
3.354689
3.892297
4.252115
4.510012
4.770497
4.724
4.651538
4.767177
4.616209
4.661642
4.55881
4.351036
4.094905
3.948662
3.736643
3.463473
3.340636
3.125393
2.964934
2.936245
2.734689
2.475029
2.293123
2.235776
2.079019
2.061592
1.91478
1.766724
1.687097
1.698294
1.519134
1.378542
1.352415
1.230486
1.234218
1.086162
