2.6280054798651697
2.624131880474585
2.6460781062132575
2.654500043240723
2.6466305194172417
2.654669447729802
2.6184558584286255
2.502036764284062
2.4110314464000937
2.158409295746262
2.131213667522907
1.9072493412309819
1.8937976964071697
1.8021250919419087
1.6923467158716468
1.573218717850198
1.4549205436270733
1.4742175886796112
1.2953992977057383
1.1464078197813328
1.0774011700374386
0.9225287416865611
1.1477687156408352
0.948582992792426
0.9415381407878343
0.8079105540493255
0.726511561536604
0.662722746209661
0.45164263897875384
0.37842713939361267
0.4911930158106518
0.555197970105441
0.5507061706856087
0.1643441112270527
0.31458217943824535
0.35343476129069573
0.028376745024984825
-0.026894700775642932
-0.007395020419159723
0.015202507585926837
-0.018540956107677302
-0.006933913822000307
-0.015172674666957755
0.05750749532497639
0.0381367434757971
0.00262963720747133
0.002379555575731899
-0.08163409353753277
-0.020787999854556625
0.01612935898654733
-0.030545458328065562
0.07414125027310328
-0.042926509661304145
0.04042335434858122
-0.012779268267269482
-0.033532045914477324
-0.06663585170466257
-0.011101865534475749
-0.08608018527149984
-0.05084878092148088
-0.003156224438982539
-0.0032954120981470336
0.021985477907162727
0.10903586440143263
0.10210366057725165
0.0633911451453507
0.0829593571189553
0.04934454206215687
0.04877271688786425
0.03787630346637698
0.016030251110972348
-0.002452260549090334
-0.07037832017605808
-0.4614411567642383
-0.4993160587288781
-0.4575732366245164
-0.8453880089652244
-1.0430511292242737
-1.4922315907387764
-2.1285772208887477
-2.5954873621424017
-3.2753922749545827
-3.274985376025406
-3.4738491306575736
-3.6593005774073935
-3.66335835002351
-3.5508306541051002
-3.6628218747148633
-3.4430421101332915
-3.454036235481407
-3.2765237294360405
-3.2383622258605222
-3.346599243680794
-3.1068243288553097
-3.071681222510061
-3.002973777463463
-2.881817854564435
-2.751424630068639
-2.5613403312017744
-2.7708538237422755
-2.4637435752307164
-2.2885063319018997
-2.2119110128506287
-2.2833378334406436
-2.0058466778823187
-1.9927081474392794
-1.6361080145565368
-1.5646638281911707
-0.10181745998419599
-0.04228645254957568
0.01853765069676142
-0.0029025758310678956
-0.015613747938689068
0.04958792878769341
-0.03918148764863835
-0.05739144216523952
0.09886914624089349
0.012556412627764245
0.03870640499019594
-0.011074622414169654
-0.006485665474339845
0.0009636808422856816
-0.07242479623729134
-0.036178094312503815
-0.0621848701137159
-0.04200028900067644
-0.018661037198424418
0.12025523937632288
-0.10073602964880003
0.02405564136448068
-0.008102983567398836
0.04133120343054325
0.0008688476068388032
-0.005136781219441014
-0.06531277670276413
-0.10012821970048436
0.10268580896608333
-0.05700590143925373
0.0031893828734864843
0.06483276908910905
0.08342946254872231
-0.04035296556378404
-9.779242857612641e-05
-0.043261280398701085
0.02070147427650892
-0.027382431691836732
-0.0059645393364308515
0.01939624670524491
0.018126924718039155
0.024814812656944598
-0.029265631832232394
0.026622337715991276
-0.0328904959013835
-0.014756728783342549
-0.012358844248869169
0.018135938831121922
0.03200225970711691
0.024579690341319602
0.13439397697757452
0.09008366796333175
-0.07582055794059983
0.08748449521918346
-0.0072832660143605735
0.011422475130656737
-0.003614821531165138
0.03435641572517222
-0.040605993742544096
0.03362260099245715
0.04759021476754348
0.04222330876392948
0.08752993747497588
0.12940026699389465
0.037223971244276864
-0.04702051594719276
0.012921159836249793
0.00920143518806987
-0.13242991948269536
0.07551832782242698
0.20926373764831904
-0.17781392693313633
-0.027350785332819257
-0.05553862163075602
-0.02780192244142014
-0.05628443747579459
-0.07923353765895629
-0.06984014713222285
-0.04322722084425176
0.034979818180502095
-0.06394332127035476
0.03846474775832793
-0.09059019990177558
-0.01370834472485057
0.044800560771254216
0.011392699869313988
0.006462664974578672
-0.10503012297809398
0.02725280719549766
-0.02111102477811639
-0.09006263369716233
-0.1092216168930285
0.09485266195219139
-0.10674253065827852
0.17406138740855615
-0.14548562516595534
-0.13061912409080273
0.0836258465469546
-0.11218114171676719
0.013495204664390298
0.020714360364824734
0.16324743772917621
-0.04769439510147818
0.017430327953974287
-0.11398124493737927
-0.03284491351007198
-0.14283706884352093
0.0024136782269474646
0.022150734943254476
-0.062135906499323636
0.01611169079209286
0.010824948393137133
-0.015808909026058377
-0.0038150602725519557
-0.018781176537891804
0.019919398044727893
-0.054982350927327776
-0.030059584072238302
0.021429420127230165
-0.0656887633016345
0.06647714103248231
0.029584772069734994
0.013406810067390125
0.10945350045161446
0.02246214496178549
-0.018983758302616758
0.04227966698090897
0.044226949515345525
-0.07304899390218583
0.0087526306109834
-0.08889050101134932
-0.14946588100492258
0.024151956686512183
0.06044181618371884
-0.19391891609352935
0.03190058014920111
-0.035596010742296444
-0.005200444744484142
0.006968896450802519
0.08689291821574206
0.22242091926807486
0.012072570960549806
0.13991101875434384
-0.19914157805741886
0.1571027097751938
-0.04257667277389124
-0.04901252851506682
0.08241801182915778
-0.03351904920939324
0.05906057551693399
-0.05072209367941669
0.011144679353719378
0.017258082624499203
0.13702300015351015
0.055813862069638905
0.0840029518351668
0.006976316455584247
0.07248285381012881
-0.06671295903621399
0.04630887416154154
-0.07071108554891394
0.020190054860906997
0.1078922740939756
-0.027343713722065524
-0.0742184651204577
-0.022946496764257196
-0.09974752771620939
-0.03999760244068701
-0.019882799297640738
0.05084860165035131
0.05939218693320036
-0.04077403872919257
-0.034881990918132856
-0.03462884139874836
0.1044200569030301
0.0700374893555154
-0.11809939698562043
-0.05823343435579284
-0.1060142705492473
-0.08170769486256967
2.458613
2.770054
2.930644
3.120124
3.100064
3.020432
2.789002
2.714782
2.541843
2.491422
2.312943
2.218526
2.089165
1.934348
1.832719
1.751864
1.799098
1.668437
1.534108
1.566412
1.55397
1.325242
1.265437
1.240439
1.173254
1.191916
1.122243
1.011512
0.9990698
1.022709
0.8808735
0.8472809
0.8472809
0.7527238
0.7937815
0.6693643
13.93223
